Build profile: -w ghc-9.6.6 -O1
In order, the following will be built (use -v for more details):
 - aoc2024-0.1.0.0 (exe:day12) (file src/12.hs changed)
Preprocessing executable 'day12' for aoc2024-0.1.0.0...
Building executable 'day12' for aoc2024-0.1.0.0...
[1 of 1] Compiling Main             ( src/12.hs, /home/fbwdw/docs/aoc2024/dist-newstyle/build/x86_64-linux/ghc-9.6.6/aoc2024-0.1.0.0/x/day12/build/day12/day12-tmp/Main.o ) [Source file changed]

src/12.hs:5:1: warning: [-Wunused-imports]
    The import of ‘trace, traceShowId’
    from module ‘Debug.Trace’ is redundant
  |
5 | import Debug.Trace (trace, traceShow, traceShowId, traceShowWith)
  | ^^^^^^^^^^^^^^^^^^^^^^^^^^^^^^^^^^^^^^^^^^^^^^^^^^^^^^^^^^^^^^^^^
[2 of 2] Linking /home/fbwdw/docs/aoc2024/dist-newstyle/build/x86_64-linux/ghc-9.6.6/aoc2024-0.1.0.0/x/day12/build/day12/day12 [Objects changed]
([(0,1),(1,0)],[])
([(1,1),(0,0)],[(2,0)])
([(1,2),(0,1),(1,0)],[(2,1)])
([(0,2),(1,1),(0,0)],[])
([(0,3),(1,2),(0,1)],[])
([(1,3),(2,2),(0,2),(1,1)],[])
([(2,3),(3,2),(1,2)],[(2,1)])
([(2,2)],[(3,3),(4,2),(3,1)])
([(2,4),(1,3),(2,2)],[(3,3)])
([(2,3),(0,3),(1,2)],[(1,4)])
([(1,3),(0,2)],[(0,4)])
([(2,3)],[(2,5),(3,4),(1,4)])
([(0,1),(1,0)],[])
([(1,1),(0,0)],[(2,0)])
([(1,2),(0,1),(1,0)],[(2,1)])
([(0,2),(1,1),(0,0)],[])
([(0,3),(1,2),(0,1)],[])
([(1,3),(2,2),(0,2),(1,1)],[])
([(2,3),(3,2),(1,2)],[(2,1)])
([(2,2)],[(3,3),(4,2),(3,1)])
([(2,4),(1,3),(2,2)],[(3,3)])
([(2,3),(0,3),(1,2)],[(1,4)])
([(1,3),(0,2)],[(0,4)])
([(2,3)],[(2,5),(3,4),(1,4)])
("bar",fromList [],((12,18),[(2,0),(2,1),(2,1),(3,3),(4,2),(3,1),(3,3),(1,4),(0,4),(2,5),(3,4),(1,4)],fromList [(0,0),(0,1),(0,2),(0,3),(1,0),(1,1),(1,2),(1,3),(2,2),(2,3),(2,4),(3,2)]))
([(2,1),(3,0)],[(1,0)])
([(3,1),(4,0),(2,0)],[])
([(4,1),(5,0),(3,0)],[])
([(5,1),(6,0),(4,0)],[])
([(6,1),(5,0)],[(7,0)])
([(5,1),(6,0)],[(6,2),(7,1)])
([(6,1),(4,1),(5,0)],[(5,2)])
([(4,2),(5,1),(3,1),(4,0)],[])
([(4,1),(2,1),(3,0)],[(3,2)])
([(3,1),(2,0)],[(2,2),(1,1)])
([(4,3),(4,1)],[(5,2),(3,2)])
([(5,3),(4,2)],[(4,4),(3,3)])
([(4,3)],[(5,4),(6,3),(5,2)])
("bar",fromList [(0,0),(0,1),(0,2),(0,3),(1,0),(1,1),(1,2),(1,3),(2,2),(2,3),(2,4),(3,2)],((13,20),[(1,0),(7,0),(6,2),(7,1),(5,2),(3,2),(2,2),(1,1),(5,2),(3,2),(4,4),(3,3),(5,4),(6,3),(5,2)],fromList [(0,0),(0,1),(0,2),(0,3),(1,0),(1,1),(1,2),(1,3),(2,0),(2,1),(2,2),(2,3),(2,4),(3,0),(3,1),(3,2),(4,0),(4,1),(4,2),(4,3),(5,0),(5,1),(5,3),(6,0),(6,1)]))
Part I:
((12,18),[(2,0),(2,1),(2,1),(3,3),(4,2),(3,1),(3,3),(1,4),(0,4),(2,5),(3,4),(1,4)],fromList [(0,0),(0,1),(0,2),(0,3),(1,0),(1,1),(1,2),(1,3),(2,2),(2,3),(2,4),(3,2)])
476
